200
31 26
50 26
50 25
3 9
43 12
29 31
45 40
6 10
21 18
48 33
16 49
50 22
8 12
46 18
34 23
42 48
34 22
45 45
49 43
50 50
10 28
24 19
17 14
35 43
28 11
47 24
30 37
30 4
39 4
27 49
42 7
12 35
3 20
32 7
3 36
22 34
49 39
15 3
23 34
19 28
24 41
42 31
8 34
21 4
2 1
12 30
44 8
16 33
9 9
28 16
40 27
35 20
14 50
6 8
25 23
27 31
11 49
35 9
42 48
40 36
35 26
3 35
15 9
29 24
50 19
38 46
39 18
6 20
40 31
17 31
9 41
2 2
44 35
2 50
24 2
22 50
17 45
20 21
21 21
22 44
5 5
45 49
46 9
36 3
42 16
32 40
31 1
20 5
7 21
34 41
38 25
38 4
4 23
26 35
46 22
11 37
3 11
25 20
30 50
24 11
50 42
34 15
24 14
31 48
33 25
9 17
44 24
50 39
26 3
3 5
34 17
23 23
2 23
4 4
43 4
26 11
47 38
26 16
44 32
17 25
19 20
29 37
29 22
34 7
50 3
2 50
28 2
41 26
33 7
18 35
16 3
28 29
17 9
25 4
27 18
38 21
26 9
40 11
46 6
45 20
25 25
34 26
36 37
35 35
46 15
16 19
40 19
42 10
7 42
41 46
4 2
47 17
20 50
23 44
11 34
38 34
13 7
22 18
31 20
18 14
32 11
49 8
24 50
47 10
37 37
18 21
25 12
25 50
39 28
44 16
50 16
2 18
26 42
26 15
30 40
21 10
25 9
35 10
43 19
15 19
46 17
4 11
34 39
39 41
47 43
49 14
20 23
14 27
37 47
34 34
14 28
47 1
8 43
13 19
46 25
24 40
6 22
15 2
4 9
34 32
